0.000000000000000000e+00 2.351169014135989244e+01 2.178412666069785786e+01 2.343643200402860671e+01 2.151941926053489240e+01 3.022022479290992791e+01 2.751364834301727313e+01 2.998659728525856139e+01 2.725580185641540254e+01 3.037616231267813660e+01 2.772406928616671351e+01 3.017790579014739549e+01 2.745303835502273415e+01 3.433892909755605416e+01 3.123032321878665130e+01 3.423916700651366796e+01 3.079914600694310778e+01 3.197942991845773975e+01 2.351169014135989244e+01 2.178412666069785786e+01 2.343643200402860671e+01 2.151941926053489240e+01 4.898580170605216466e+01 3.022022479290993502e+01 2.751364834301727313e+01 2.998659728525856139e+01 2.725580185641540609e+01 5.490089482585911185e+01 3.037616231267813660e+01 2.772406928616671351e+01 3.017790579014739549e+01 2.745303835502271639e+01
2.351169014135989244e+01 0.000000000000000000e+00 2.565403653833016620e+02 9.095831288643604466e+02 2.258465673464337158e+02 4.017924541936174165e+01 4.216882608790533737e+01 3.996367326076458681e+01 4.304411099248311245e+01 3.679824300130501058e+01 3.855700914446681793e+01 3.670247927854961745e+01 3.920147475192462849e+01 3.197942991845767224e+01 3.386522515945384271e+01 3.206939682432030025e+01 3.423716504809080874e+01 3.433892909755608258e+01 0.000000000000000000e+00 2.565403653833016620e+02 9.095831288643604466e+02 2.258465673464337158e+02 2.484206319901296212e+01 4.017924541936174165e+01 4.216882608790535869e+01 3.996367326076456550e+01 4.304411099248310535e+01 2.450187883794465193e+01 3.679824300130498216e+01 3.855700914446680372e+01 3.670247927854959613e+01 3.920147475192458586e+01
2.178412666069785786e+01 2.565403653833016620e+02 0.000000000000000000e+00 2.823652699872536687e+02 6.395820247469880542e+02 3.761158771994934114e+01 4.017924541936174165e+01 3.753626683933541841e+01 4.100180681132459171e+01 3.461229676830694757e+01 3.679824300130501058e+01 3.461234238474114022e+01 3.740857938813059036e+01 2.996004584093150314e+01 3.197942991845767935e+01 3.008642217200544522e+01 3.232522499074029554e+01 3.123032321878667972e+01 2.565403653833016620e+02 0.000000000000000000e+00 2.823652699872536687e+02 6.395820247469880542e+02 2.312543780947415684e+01 3.761158771994932692e+01 4.017924541936174165e+01 3.753626683933541131e+01 4.100180681132458460e+01 2.279816740007753850e+01 3.461229676830692625e+01 3.679824300130498216e+01 3.461234238474112601e+01 3.740857938813055483e+01
2.343643200402860671e+01 9.095831288643604466e+02 2.823652699872536687e+02 0.000000000000000000e+00 2.318280945809049456e+02 4.031888880572311251e+01 4.247753461229881822e+01 4.017924541936174165e+01 4.330529210659828010e+01 3.683420677765889906e+01 3.870987982400332328e+01 3.679824300130501058e+01 3.931184389811633650e+01 3.185108795694400285e+01 3.378713872936332763e+01 3.197942991845767224e+01 3.412358332153640106e+01 3.423916700651368217e+01 9.095831288643604466e+02 2.823652699872536687e+02 0.000000000000000000e+00 2.318280945809049456e+02 2.484622580919744195e+01 4.031888880572311251e+01 4.247753461229881822e+01 4.017924541936172744e+01 4.330529210659828010e+01 2.448498710059341832e+01 3.683420677765885642e+01 3.870987982400330907e+01 3.679824300130498216e+01 3.931184389811630098e+01
2.151941926053489240e+01 2.258465673464337158e+02 6.395820247469880542e+02 2.318280945809049456e+02 0.000000000000000000e+00 3.680159366953891720e+01 3.925556147525811213e+01 3.669012059388009561e+01 4.017924541936174165e+01 3.399172487894499284e+01 3.610126449650824298e+01 3.395934107816626835e+01 3.679824300130501769e+01 2.959486428523431201e+01 3.156731877344872572e+01 2.969498318903757905e+01 3.197942991845767935e+01 3.079914600694312909e+01 2.258465673464337158e+02 6.395820247469880542e+02 2.318280945809049456e+02 0.000000000000000000e+00 2.278699805071093110e+01 3.680159366953892430e+01 3.925556147525810502e+01 3.669012059388008851e+01 4.017924541936173455e+01 2.247768799630526715e+01 3.399172487894497152e+01 3.610126449650822167e+01 3.395934107816623992e+01 3.679824300130498216e+01
3.022022479290992791e+01 4.017924541936174165e+01 3.761158771994934114e+01 4.031888880572311251e+01 3.680159366953891720e+01 0.000000000000000000e+00 2.565403653833017756e+02 9.095831288643604466e+02 2.258465673464339432e+02 7.611889100816156883e+01 8.922329085701990437e+01 8.912101067510928942e+01 7.664243290087263460e+01 4.898580170605206519e+01 5.135031312372458956e+01 7.616118542672654712e+01 8.109730619154093745e+01 2.758074904373578562e+01 4.017924541936174165e+01 3.761158771994934114e+01 4.031888880572311251e+01 3.680159366953891720e+01 3.433892909755605416e+01 1.506264234482072200e+16 2.565403653833020030e+02 9.095831288643739754e+02 2.258465673464339716e+02 3.249732377042331422e+01 7.611889100816145515e+01 8.922329085701979068e+01 8.912101067510926100e+01 7.664243290087266303e+01
2.751364834301727313e+01 4.216882608790533737e+01 4.017924541936174165e+01 4.247753461229881822e+01 3.925556147525811213e+01 2.565403653833017756e+02 0.000000000000000000e+00 2.823652699872534413e+02 6.395820247469880542e+02 7.132905994196251243e+01 7.611889100816156883e+01 1.081137263160357520e+02 8.530357075031513148e+01 4.560912851718543948e+01 4.898580170605205808e+01 5.723342317924901579e+01 7.513998374881559528e+01 2.654148555329680903e+01 4.216882608790533737e+01 4.017924541936174165e+01 4.247753461229881822e+01 3.925556147525811213e+01 3.123032321878667616e+01 2.565403653833014914e+02 1.515463110430809800e+16 2.823652699872533844e+02 6.395820247469840751e+02 2.971016832578444067e+01 7.132905994196241295e+01 7.611889100816148357e+01 1.081137263160358657e+02 8.530357075031510306e+01
2.998659728525856139e+01 3.996367326076458681e+01 3.753626683933541841e+01 4.017924541936174165e+01 3.669012059388009561e+01 9.095831288643604466e+02 2.823652699872534413e+02 0.000000000000000000e+00 2.318280945809050593e+02 7.524105793401894005e+01 7.469945608925841896e+01 7.611889100816156883e+01 8.856567011601852357e+01 4.821740564073312640e+01 5.046511447710467735e+01 4.898580170605205097e+01 5.001936498545401832e+01 2.747186567900169862e+01 3.996367326076458681e+01 3.753626683933541841e+01 4.017924541936174165e+01 3.669012059388009561e+01 3.423916700651366085e+01 9.095831288643505559e+02 2.823652699872533276e+02 1.546555738133092600e+16 2.318280945809048603e+02 3.236444848183437983e+01 7.524105793401886899e+01 7.469945608925834790e+01 7.611889100816145515e+01 8.856567011601845252e+01
2.725580185641540254e+01 4.304411099248311245e+01 4.100180681132459171e+01 4.330529210659828010e+01 4.017924541936174165e+01 2.258465673464339432e+02 6.395820247469880542e+02 2.318280945809050593e+02 0.000000000000000000e+00 7.066572250480584216e+01 7.573780680441583968e+01 7.135326863250280383e+01 7.611889100816156883e+01 4.558000267233196467e+01 4.906542983946018666e+01 4.621705379128486157e+01 4.898580170605205097e+01 2.652412051060696996e+01 4.304411099248311245e+01 4.100180681132459171e+01 4.330529210659828010e+01 4.017924541936174165e+01 3.079914600694309712e+01 2.258465673464338010e+02 6.395820247469920332e+02 2.318280945809052298e+02 1.540735570709791200e+16 2.934709650563982208e+01 7.066572250480572848e+01 7.573780680441575441e+01 7.135326863250267593e+01 7.611889100816145515e+01
3.037616231267813660e+01 3.679824300130501058e+01 3.461229676830694757e+01 3.683420677765889906e+01 3.399172487894499284e+01 7.611889100816156883e+01 7.132905994196251243e+01 7.524105793401894005e+01 7.066572250480584216e+01 0.000000000000000000e+00 2.565403653833017756e+02 9.095831288643614698e+02 2.258465673464339432e+02 5.490089482585911185e+01 6.323354070392272064e+01 8.177602079813088665e+01 6.723388181264418506e+01 2.575654718371795582e+01 3.679824300130501058e+01 3.461229676830694757e+01 3.683420677765889906e+01 3.399172487894499284e+01 3.022820765429085199e+01 7.611889100816152620e+01 7.132905994196251243e+01 7.524105793401892583e+01 7.066572250480584216e+01 3.433892909755605416e+01 1.425630307131813600e+16 2.565403653833024578e+02 9.095831288643687458e+02 2.258465673464345969e+02
2.772406928616671351e+01 3.855700914446681793e+01 3.679824300130501058e+01 3.870987982400332328e+01 3.610126449650824298e+01 8.922329085701990437e+01 7.611889100816156883e+01 7.469945608925841896e+01 7.573780680441583968e+01 2.565403653833017756e+02 0.000000000000000000e+00 2.823652699872533844e+02 6.395820247469881679e+02 5.083283672225753236e+01 5.490089482585911185e+01 9.439653533256567641e+01 8.041770468757600554e+01 2.497201931866704783e+01 3.855700914446681793e+01 3.679824300130501058e+01 3.870987982400332328e+01 3.610126449650824298e+01 2.813982556087594133e+01 8.922329085701990437e+01 7.611889100816155462e+01 7.469945608925844738e+01 7.573780680441583968e+01 3.123032321878665840e+01 2.565403653833010367e+02 1.444100467819572000e+16 2.823652699872527023e+02 6.395820247469919195e+02
3.017790579014739549e+01 3.670247927854961745e+01 3.461234238474114022e+01 3.679824300130501058e+01 3.395934107816626835e+01 8.912101067510928942e+01 1.081137263160357520e+02 7.611889100816156883e+01 7.135326863250280383e+01 9.095831288643614698e+02 2.823652699872533844e+02 0.000000000000000000e+00 2.318280945809050024e+02 5.404859388259724540e+01 5.646743178822855924e+01 5.490089482585911185e+01 6.294094026900559413e+01 2.569186809712550001e+01 3.670247927854961745e+01 3.461234238474114022e+01 3.679824300130501058e+01 3.395934107816626835e+01 3.019914877607875425e+01 8.912101067510914731e+01 1.081137263160356667e+02 7.611889100816156883e+01 7.135326863250281804e+01 3.423916700651365375e+01 9.095831288643546486e+02 2.823652699872541803e+02 1.461018143269984800e+16 2.318280945809056561e+02
2.745303835502273415e+01 3.920147475192462849e+01 3.740857938813059036e+01 3.931184389811633650e+01 3.679824300130501769e+01 7.664243290087263460e+01 8.530357075031513148e+01 8.856567011601852357e+01 7.611889100816156883e+01 2.258465673464339432e+02 6.395820247469881679e+02 2.318280945809050024e+02 0.000000000000000000e+00 5.074649813296200307e+01 5.495459825862803882e+01 5.143565634182106550e+01 5.490089482585911185e+01 2.495208890871129981e+01 3.920147475192462849e+01 3.740857938813059036e+01 3.931184389811633650e+01 3.679824300130501769e+01 2.781560385081902709e+01 7.664243290087263460e+01 8.530357075031507463e+01 8.856567011601859463e+01 7.611889100816158304e+01 3.079914600694309712e+01 2.258465673464332895e+02 6.395820247469846436e+02 2.318280945809044340e+02 1.461018143269984800e+16
3.433892909755605416e+01 3.197942991845767224e+01 2.996004584093150314e+01 3.185108795694400285e+01 2.959486428523431201e+01 4.898580170605206519e+01 4.560912851718543948e+01 4.821740564073312640e+01 4.558000267233196467e+01 5.490089482585911185e+01 5.083283672225753236e+01 5.404859388259724540e+01 5.074649813296200307e+01 0.000000000000000000e+00 2.565403653833016620e+02 9.095831288643616972e+02 2.258465673464339432e+02 2.329500222294327116e+01 3.197942991845767224e+01 2.996004584093150314e+01 3.185108795694400285e+01 2.959486428523431201e+01 2.640174544440474946e+01 4.898580170605205097e+01 4.560912851718543237e+01 4.821740564073313351e+01 4.558000267233195046e+01 2.799568736310278183e+01 5.490089482585913316e+01 5.083283672225756789e+01 5.404859388259727382e+01 5.074649813296202439e+01
3.123032321878665130e+01 3.386522515945384271e+01 3.197942991845767935e+01 3.378713872936332763e+01 3.156731877344872572e+01 5.135031312372458956e+01 4.898580170605205808e+01 5.046511447710467735e+01 4.906542983946018666e+01 6.323354070392272064e+01 5.490089482585911185e+01 5.646743178822855924e+01 5.495459825862803882e+01 2.565403653833016620e+02 0.000000000000000000e+00 2.823652699872533844e+02 6.395820247469882815e+02 2.294790113652390673e+01 3.386522515945384271e+01 3.197942991845767935e+01 3.378713872936332763e+01 3.156731877344872572e+01 2.529378433561158346e+01 5.135031312372459666e+01 4.898580170605205097e+01 5.046511447710469866e+01 4.906542983946018666e+01 2.660194101977317160e+01 6.323354070392272774e+01 5.490089482585913316e+01 5.646743178822858056e+01 5.495459825862806014e+01
3.423916700651366796e+01 3.206939682432030025e+01 3.008642217200544522e+01 3.197942991845767224e+01 2.969498318903757905e+01 7.616118542672654712e+01 5.723342317924901579e+01 4.898580170605205097e+01 4.621705379128486157e+01 8.177602079813088665e+01 9.439653533256567641e+01 5.490089482585911185e+01 5.143565634182106550e+01 9.095831288643616972e+02 2.823652699872533844e+02 0.000000000000000000e+00 2.318280945809050024e+02 2.330599616606318492e+01 3.206939682432030025e+01 3.008642217200544522e+01 3.197942991845767224e+01 2.969498318903757905e+01 2.646852820534535411e+01 7.616118542672654712e+01 5.723342317924903710e+01 4.898580170605205808e+01 4.621705379128486157e+01 2.804395476123949038e+01 8.177602079813088665e+01 9.439653533256567641e+01 5.490089482585913316e+01 5.143565634182110813e+01
3.079914600694310778e+01 3.423716504809080874e+01 3.232522499074029554e+01 3.412358332153640106e+01 3.197942991845767935e+01 8.109730619154093745e+01 7.513998374881559528e+01 5.001936498545401832e+01 4.898580170605205097e+01 6.723388181264418506e+01 8.041770468757600554e+01 6.294094026900559413e+01 5.490089482585911185e+01 2.258465673464339432e+02 6.395820247469882815e+02 2.318280945809050024e+02 0.000000000000000000e+00 2.291380552104468649e+01 3.423716504809080874e+01 3.232522499074029554e+01 3.412358332153640106e+01 3.197942991845767935e+01 2.503324803196258586e+01 8.109730619154088060e+01 7.513998374881559528e+01 5.001936498545403964e+01 4.898580170605205097e+01 2.630574861236917883e+01 6.723388181264418506e+01 8.041770468757607659e+01 6.294094026900557282e+01 5.490089482585913316e+01
3.197942991845773975e+01 3.433892909755608258e+01 3.123032321878667972e+01 3.423916700651368217e+01 3.079914600694312909e+01 2.758074904373578562e+01 2.654148555329680903e+01 2.747186567900169862e+01 2.652412051060696996e+01 2.575654718371795582e+01 2.497201931866704783e+01 2.569186809712550001e+01 2.495208890871129981e+01 2.329500222294327116e+01 2.294790113652390673e+01 2.330599616606318492e+01 2.291380552104468649e+01 0.000000000000000000e+00 3.433892909755608258e+01 3.123032321878667972e+01 3.423916700651368217e+01 3.079914600694312909e+01 4.017924541936177008e+01 2.758074904373578562e+01 2.654148555329681969e+01 2.747186567900169152e+01 2.652412051060696285e+01 3.679824300130501769e+01 2.575654718371794516e+01 2.497201931866704072e+01 2.569186809712548936e+01 2.495208890871128915e+01
2.351169014135989244e+01 0.000000000000000000e+00 2.565403653833016620e+02 9.095831288643604466e+02 2.258465673464337158e+02 4.017924541936174165e+01 4.216882608790533737e+01 3.996367326076458681e+01 4.304411099248311245e+01 3.679824300130501058e+01 3.855700914446681793e+01 3.670247927854961745e+01 3.920147475192462849e+01 3.197942991845767224e+01 3.386522515945384271e+01 3.206939682432030025e+01 3.423716504809080874e+01 3.433892909755608258e+01 0.000000000000000000e+00 2.565403653833016620e+02 9.095831288643604466e+02 2.258465673464337158e+02 2.484206319901296212e+01 4.017924541936174165e+01 4.216882608790535869e+01 3.996367326076456550e+01 4.304411099248310535e+01 2.450187883794465193e+01 3.679824300130498216e+01 3.855700914446680372e+01 3.670247927854959613e+01 3.920147475192458586e+01
2.178412666069785786e+01 2.565403653833016620e+02 0.000000000000000000e+00 2.823652699872536687e+02 6.395820247469880542e+02 3.761158771994934114e+01 4.017924541936174165e+01 3.753626683933541841e+01 4.100180681132459171e+01 3.461229676830694757e+01 3.679824300130501058e+01 3.461234238474114022e+01 3.740857938813059036e+01 2.996004584093150314e+01 3.197942991845767935e+01 3.008642217200544522e+01 3.232522499074029554e+01 3.123032321878667972e+01 2.565403653833016620e+02 0.000000000000000000e+00 2.823652699872536687e+02 6.395820247469880542e+02 2.312543780947415684e+01 3.761158771994932692e+01 4.017924541936174165e+01 3.753626683933541131e+01 4.100180681132458460e+01 2.279816740007753850e+01 3.461229676830692625e+01 3.679824300130498216e+01 3.461234238474112601e+01 3.740857938813055483e+01
2.343643200402860671e+01 9.095831288643604466e+02 2.823652699872536687e+02 0.000000000000000000e+00 2.318280945809049456e+02 4.031888880572311251e+01 4.247753461229881822e+01 4.017924541936174165e+01 4.330529210659828010e+01 3.683420677765889906e+01 3.870987982400332328e+01 3.679824300130501058e+01 3.931184389811633650e+01 3.185108795694400285e+01 3.378713872936332763e+01 3.197942991845767224e+01 3.412358332153640106e+01 3.423916700651368217e+01 9.095831288643604466e+02 2.823652699872536687e+02 0.000000000000000000e+00 2.318280945809049456e+02 2.484622580919744195e+01 4.031888880572311251e+01 4.247753461229881822e+01 4.017924541936172744e+01 4.330529210659828010e+01 2.448498710059341832e+01 3.683420677765885642e+01 3.870987982400330907e+01 3.679824300130498216e+01 3.931184389811630098e+01
2.151941926053489240e+01 2.258465673464337158e+02 6.395820247469880542e+02 2.318280945809049456e+02 0.000000000000000000e+00 3.680159366953891720e+01 3.925556147525811213e+01 3.669012059388009561e+01 4.017924541936174165e+01 3.399172487894499284e+01 3.610126449650824298e+01 3.395934107816626835e+01 3.679824300130501769e+01 2.959486428523431201e+01 3.156731877344872572e+01 2.969498318903757905e+01 3.197942991845767935e+01 3.079914600694312909e+01 2.258465673464337158e+02 6.395820247469880542e+02 2.318280945809049456e+02 0.000000000000000000e+00 2.278699805071093110e+01 3.680159366953892430e+01 3.925556147525810502e+01 3.669012059388008851e+01 4.017924541936173455e+01 2.247768799630526715e+01 3.399172487894497152e+01 3.610126449650822167e+01 3.395934107816623992e+01 3.679824300130498216e+01
4.898580170605216466e+01 2.484206319901296212e+01 2.312543780947415684e+01 2.484622580919744195e+01 2.278699805071093110e+01 3.433892909755605416e+01 3.123032321878667616e+01 3.423916700651366085e+01 3.079914600694309712e+01 3.022820765429085199e+01 2.813982556087594133e+01 3.019914877607875425e+01 2.781560385081902709e+01 2.640174544440474946e+01 2.529378433561158346e+01 2.646852820534535411e+01 2.503324803196258586e+01 4.017924541936177008e+01 2.484206319901296212e+01 2.312543780947415684e+01 2.484622580919744195e+01 2.278699805071093110e+01 0.000000000000000000e+00 3.433892909755606127e+01 3.123032321878666195e+01 3.423916700651366085e+01 3.079914600694309001e+01 7.611889100816161147e+01 3.022820765429084844e+01 2.813982556087592357e+01 3.019914877607874359e+01 2.781560385081902709e+01
3.022022479290993502e+01 4.017924541936174165e+01 3.761158771994932692e+01 4.031888880572311251e+01 3.680159366953892430e+01 1.506264234482072200e+16 2.565403653833014914e+02 9.095831288643505559e+02 2.258465673464338010e+02 7.611889100816152620e+01 8.922329085701990437e+01 8.912101067510914731e+01 7.664243290087263460e+01 4.898580170605205097e+01 5.135031312372459666e+01 7.616118542672654712e+01 8.109730619154088060e+01 2.758074904373578562e+01 4.017924541936174165e+01 3.761158771994932692e+01 4.031888880572311251e+01 3.680159366953892430e+01 3.433892909755606127e+01 0.000000000000000000e+00 2.565403653833016620e+02 9.095831288643640846e+02 2.258465673464338863e+02 3.249732377042332843e+01 7.611889100816142673e+01 8.922329085701976226e+01 8.912101067510913310e+01 7.664243290087266303e+01
2.751364834301727313e+01 4.216882608790535869e+01 4.017924541936174165e+01 4.247753461229881822e+01 3.925556147525810502e+01 2.565403653833020030e+02 1.515463110430809800e+16 2.823652699872533276e+02 6.395820247469920332e+02 7.132905994196251243e+01 7.611889100816155462e+01 1.081137263160356667e+02 8.530357075031507463e+01 4.560912851718543237e+01 4.898580170605205097e+01 5.723342317924903710e+01 7.513998374881559528e+01 2.654148555329681969e+01 4.216882608790535869e+01 4.017924541936174165e+01 4.247753461229881822e+01 3.925556147525810502e+01 3.123032321878666195e+01 2.565403653833016620e+02 0.000000000000000000e+00 2.823652699872532708e+02 6.395820247469880542e+02 2.971016832578443356e+01 7.132905994196238453e+01 7.611889100816145515e+01 1.081137263160358231e+02 8.530357075031504621e+01
2.998659728525856139e+01 3.996367326076456550e+01 3.753626683933541131e+01 4.017924541936172744e+01 3.669012059388008851e+01 9.095831288643739754e+02 2.823652699872533844e+02 1.546555738133092600e+16 2.318280945809052298e+02 7.524105793401892583e+01 7.469945608925844738e+01 7.611889100816156883e+01 8.856567011601859463e+01 4.821740564073313351e+01 5.046511447710469866e+01 4.898580170605205808e+01 5.001936498545403964e+01 2.747186567900169152e+01 3.996367326076456550e+01 3.753626683933541131e+01 4.017924541936172744e+01 3.669012059388008851e+01 3.423916700651366085e+01 9.095831288643640846e+02 2.823652699872532708e+02 0.000000000000000000e+00 2.318280945809050024e+02 3.236444848183435852e+01 7.524105793401882636e+01 7.469945608925833369e+01 7.611889100816145515e+01 8.856567011601850936e+01
2.725580185641540609e+01 4.304411099248310535e+01 4.100180681132458460e+01 4.330529210659828010e+01 4.017924541936173455e+01 2.258465673464339716e+02 6.395820247469840751e+02 2.318280945809048603e+02 1.540735570709791200e+16 7.066572250480584216e+01 7.573780680441583968e+01 7.135326863250281804e+01 7.611889100816158304e+01 4.558000267233195046e+01 4.906542983946018666e+01 4.621705379128486157e+01 4.898580170605205097e+01 2.652412051060696285e+01 4.304411099248310535e+01 4.100180681132458460e+01 4.330529210659828010e+01 4.017924541936173455e+01 3.079914600694309001e+01 2.258465673464338863e+02 6.395820247469880542e+02 2.318280945809050024e+02 0.000000000000000000e+00 2.934709650563981853e+01 7.066572250480572848e+01 7.573780680441575441e+01 7.135326863250267593e+01 7.611889100816145515e+01
5.490089482585911185e+01 2.450187883794465193e+01 2.279816740007753850e+01 2.448498710059341832e+01 2.247768799630526715e+01 3.249732377042331422e+01 2.971016832578444067e+01 3.236444848183437983e+01 2.934709650563982208e+01 3.433892909755605416e+01 3.123032321878665840e+01 3.423916700651365375e+01 3.079914600694309712e+01 2.799568736310278183e+01 2.660194101977317160e+01 2.804395476123949038e+01 2.630574861236917883e+01 3.679824300130501769e+01 2.450187883794465193e+01 2.279816740007753850e+01 2.448498710059341832e+01 2.247768799630526715e+01 7.611889100816161147e+01 3.249732377042332843e+01 2.971016832578443356e+01 3.236444848183435852e+01 2.934709650563981853e+01 0.000000000000000000e+00 3.433892909755606837e+01 3.123032321878665840e+01 3.423916700651365375e+01 3.079914600694309001e+01
3.037616231267813660e+01 3.679824300130498216e+01 3.461229676830692625e+01 3.683420677765885642e+01 3.399172487894497152e+01 7.611889100816145515e+01 7.132905994196241295e+01 7.524105793401886899e+01 7.066572250480572848e+01 1.425630307131813600e+16 2.565403653833010367e+02 9.095831288643546486e+02 2.258465673464332895e+02 5.490089482585913316e+01 6.323354070392272774e+01 8.177602079813088665e+01 6.723388181264418506e+01 2.575654718371794516e+01 3.679824300130498216e+01 3.461229676830692625e+01 3.683420677765885642e+01 3.399172487894497152e+01 3.022820765429084844e+01 7.611889100816142673e+01 7.132905994196238453e+01 7.524105793401882636e+01 7.066572250480572848e+01 3.433892909755606837e+01 0.000000000000000000e+00 2.565403653833017756e+02 9.095831288643616972e+02 2.258465673464339432e+02
2.772406928616671351e+01 3.855700914446680372e+01 3.679824300130498216e+01 3.870987982400330907e+01 3.610126449650822167e+01 8.922329085701979068e+01 7.611889100816148357e+01 7.469945608925834790e+01 7.573780680441575441e+01 2.565403653833024578e+02 1.444100467819572000e+16 2.823652699872541803e+02 6.395820247469846436e+02 5.083283672225756789e+01 5.490089482585913316e+01 9.439653533256567641e+01 8.041770468757607659e+01 2.497201931866704072e+01 3.855700914446680372e+01 3.679824300130498216e+01 3.870987982400330907e+01 3.610126449650822167e+01 2.813982556087592357e+01 8.922329085701976226e+01 7.611889100816145515e+01 7.469945608925833369e+01 7.573780680441575441e+01 3.123032321878665840e+01 2.565403653833017756e+02 0.000000000000000000e+00 2.823652699872533844e+02 6.395820247469882815e+02
3.017790579014739549e+01 3.670247927854959613e+01 3.461234238474112601e+01 3.679824300130498216e+01 3.395934107816623992e+01 8.912101067510926100e+01 1.081137263160358657e+02 7.611889100816145515e+01 7.135326863250267593e+01 9.095831288643687458e+02 2.823652699872527023e+02 1.461018143269984800e+16 2.318280945809044340e+02 5.404859388259727382e+01 5.646743178822858056e+01 5.490089482585913316e+01 6.294094026900557282e+01 2.569186809712548936e+01 3.670247927854959613e+01 3.461234238474112601e+01 3.679824300130498216e+01 3.395934107816623992e+01 3.019914877607874359e+01 8.912101067510913310e+01 1.081137263160358231e+02 7.611889100816145515e+01 7.135326863250267593e+01 3.423916700651365375e+01 9.095831288643616972e+02 2.823652699872533844e+02 0.000000000000000000e+00 2.318280945809050024e+02
2.745303835502271639e+01 3.920147475192458586e+01 3.740857938813055483e+01 3.931184389811630098e+01 3.679824300130498216e+01 7.664243290087266303e+01 8.530357075031510306e+01 8.856567011601845252e+01 7.611889100816145515e+01 2.258465673464345969e+02 6.395820247469919195e+02 2.318280945809056561e+02 1.461018143269984800e+16 5.074649813296202439e+01 5.495459825862806014e+01 5.143565634182110813e+01 5.490089482585913316e+01 2.495208890871128915e+01 3.920147475192458586e+01 3.740857938813055483e+01 3.931184389811630098e+01 3.679824300130498216e+01 2.781560385081902709e+01 7.664243290087266303e+01 8.530357075031504621e+01 8.856567011601850936e+01 7.611889100816145515e+01 3.079914600694309001e+01 2.258465673464339432e+02 6.395820247469882815e+02 2.318280945809050024e+02 0.000000000000000000e+00
